loss:  embeddings_bgasclass_tot  with embedding  A
<class 'numpy.ndarray'>
<class 'list'>
[[0.00000000e+00 2.05383301e-02 2.44903564e-02 ... 5.35644531e-01
  5.74707031e-01 1.26757812e+00]
 [0.00000000e+00 2.81494141e-01 1.35707855e-03 ... 8.07128906e-01
  1.09472656e+00 1.68164062e+00]
 [6.42776489e-04 1.26953125e-01 0.00000000e+00 ... 1.21972656e+00
  9.65820312e-01 4.38720703e-01]
 [4.03747559e-02 3.37402344e-01 6.31332397e-03 ... 7.06054688e-01
  7.96386719e-01 1.16210938e+00]]
[1. 1. 1. 1. 1. 1. 1. 1. 1. 1. 1. 1. 1. 1. 1. 1. 1. 1. 1. 1. 1. 1. 1. 1.
 1. 1. 1. 1. 1. 1. 1. 1. 1. 1. 1. 1. 1. 1. 1. 1. 1. 1. 1. 1. 1. 1. 1. 1.
 1. 1. 1. 1. 1. 1. 1. 1. 1. 1. 1. 1. 1. 1. 1. 1. 1. 1. 1. 1. 1. 1. 1. 1.
 1. 1. 1. 1. 1. 1. 1. 1. 1. 1. 1. 1. 1. 1. 1. 1. 1. 1. 1. 1. 1. 2. 2. 2.
 2. 2. 2. 2.]
[331. 331. 331. 331. 331. 331. 332. 332. 332. 332. 332. 332. 332. 332.
 332. 332. 332. 332. 332. 332. 332.]
5818  vs.  5818
SVC bagged 10 accuracy: 164/190=0.8632
320: 13/17=0.7647
321: 13/13=1.0000
322: 12/13=0.9231
323: 15/16=0.9375
324: 14/15=0.9333
325: 10/15=0.6667
326: 14/15=0.9333
327: 11/14=0.7857
328: 11/14=0.7857
329: 12/15=0.8000
330: 14/15=0.9333
331: 12/14=0.8571
332: 13/14=0.9286
