loss:  embeddings_bgasclass_tot  with embedding  AB
<class 'numpy.ndarray'>
<class 'list'>
[[-4.96484375 -0.48681641 -1.5859375  ...  0.53564453  0.57470703
   1.26757812]
 [-5.5234375  -1.15332031 -1.97265625 ...  0.80712891  1.09472656
   1.68164062]
 [-1.97167969 -1.49511719 -0.67382812 ...  1.21972656  0.96582031
   0.4387207 ]
 [-3.46679688  0.11407471 -1.58984375 ...  0.70605469  0.79638672
   1.16210938]]
[1. 1. 1. 1. 1. 1. 1. 1. 1. 1. 1. 1. 1. 1. 1. 1. 1. 1. 1. 1. 1. 1. 1. 1.
 1. 1. 1. 1. 1. 1. 1. 1. 1. 1. 1. 1. 1. 1. 1. 1. 1. 1. 1. 1. 1. 1. 1. 1.
 1. 1. 1. 1. 1. 1. 1. 1. 1. 1. 1. 1. 1. 1. 1. 1. 1. 1. 1. 1. 1. 1. 1. 1.
 1. 1. 1. 1. 1. 1. 1. 1. 1. 1. 1. 1. 1. 1. 1. 1. 1. 1. 1. 1. 1. 2. 2. 2.
 2. 2. 2. 2.]
[331. 331. 331. 331. 331. 331. 332. 332. 332. 332. 332. 332. 332. 332.
 332. 332. 332. 332. 332. 332. 332.]
5818  vs.  5818
SVC bagged 10 accuracy: 166/190=0.8737
320: 12/17=0.7059
321: 13/13=1.0000
322: 12/13=0.9231
323: 15/16=0.9375
324: 15/15=1.0000
325: 11/15=0.7333
326: 14/15=0.9333
327: 12/14=0.8571
328: 11/14=0.7857
329: 12/15=0.8000
330: 14/15=0.9333
331: 12/14=0.8571
332: 13/14=0.9286
