loss:  embeddings_bgnoised_tot  with embedding  A
<class 'numpy.ndarray'>
<class 'list'>
[[0.08093262 0.11499023 0.23498535 ... 0.13867188 0.47192383 1.36816406]
 [0.03796387 0.29956055 0.06750488 ... 0.11431885 0.37719727 1.58105469]
 [0.32446289 0.08642578 0.11090088 ... 0.19750977 0.64355469 0.53320312]
 [0.11334229 0.18591309 0.11871338 ... 0.29248047 0.00284767 0.83349609]]
[1. 1. 1. 1. 1. 1. 1. 1. 1. 1. 1. 1. 1. 1. 1. 1. 1. 1. 1. 1. 1. 1. 1. 1.
 1. 1. 1. 1. 1. 1. 1. 1. 1. 1. 1. 1. 1. 1. 1. 1. 1. 1. 1. 1. 1. 1. 1. 1.
 1. 1. 1. 1. 1. 1. 1. 1. 1. 1. 1. 1. 1. 1. 1. 1. 1. 1. 1. 1. 1. 1. 1. 1.
 1. 1. 1. 1. 1. 1. 1. 1. 1. 1. 1. 1. 1. 1. 1. 1. 1. 1. 1. 1. 1. 2. 2. 2.
 2. 2. 2. 2.]
[331. 331. 331. 331. 331. 331. 332. 332. 332. 332. 332. 332. 332. 332.
 332. 332. 332. 332. 332. 332. 332.]
5818  vs.  5818
